[392.899, -285.458, -635.724]
[392.899, 285.458, -635.724]
[0, 0, -800]
[715.542, 0, -357.771]
[635.724, 461.88, -150.074]
[-150.074, 461.88, -635.724]
[635.724, -461.88, -150.074]
[-150.074, -461.88, -635.724]
[221.115, 680.521, -357.771]
[221.115, -680.521, -357.771]
[785.798, 0, 150.074]
[-485.65, 0, -635.724]
[242.825, 747.338, 150.074]
[-242.825, 747.338, -150.074]
[242.825, -747.338, 150.074]
[-242.825, -747.338, -150.074]
[578.885, 420.585, 357.771]
[-578.885, 420.585, -357.771]
[578.885, -420.585, 357.771]
[-578.885, -420.585, -357.771]
[485.65, 0, 635.724]
[-785.798, 0, -150.074]
[-221.115, 680.521, 357.771]
[150.074, 461.88, 635.724]
[-635.724, 461.88, 150.074]
[-635.724, -461.88, 150.074]
[-221.115, -680.521, 357.771]
[150.074, -461.88, 635.724]
[0, 0, 800]
[-715.542, 0, 357.771]
[-392.899, 285.458, 635.724]
[-392.899, -285.458, 635.724]